0.63275456
0.14866388
0.19118628
0.14014892
0.928481
0.6582704
0.04888761
0.30175233
0.22434868
0.7697464
0.006661998
0.61666644
0.11715434
0.6015845
0.07011255
0.9905779
0.9709594
0.03540001
0.024358734
0.75810355
0.15319276
0.30952173
0.030332003
0.13097283
0.16190521
0.016006567
0.6051719
0.095948815
1.0
0.7836485
0.99999994
0.6841772
0.09174838
0.12521146
0.5428013
0.014267248
1.0000001
0.4342243
0.12811057
0.048755735
0.7874146
0.7919323
0.90388113
0.8961569
0.5610982
0.25223532
0.9642828
0.29941314
0.32414064
0.11038239
0.67292947
0.8150033
0.03145004
0.1815105
0.7548753
0.28738087
0.31825617
0.27220833
0.21143137
0.7174841
0.36804533
1.0
1.0
0.557771
0.05358791
0.06730005
0.18084359
0.48210558
0.112562805
0.6726763
0.3042171
0.868366
0.22902301
0.2761845
0.1253935
0.17291518
0.395452
0.08954415
0.124487124
0.08445597
0.060887367
0.99973273
0.3928506
0.15420966
0.6712539
0.01734672
0.01287894
0.9999999
0.06547103
0.008022082
0.48852038
0.26754272
0.9326227
0.5240065
0.041879807
0.9636825
0.3026008
0.5394147
0.99999994
0.014384408
0.13553067
0.5271444
0.54192847
0.0111192
0.0092547
0.010099317
0.09894816
0.1918726
0.05178696
0.8365715
0.98174137
1.0
0.19475867
0.13778563
0.09458747
0.06344284
0.7640361
0.1734073
0.047415763
0.17546283
0.09701034
0.76756746
0.007794507
0.6236187
0.82093793
0.76245975
0.76245975
0.70293593
0.76245975
0.76245975
0.18877225
0.07592201
0.025324116
0.034020063
0.041105073
0.09882422
0.10863552
0.014248824
0.038076043
0.25286984
0.061531853
0.13455689
0.031488374
0.10758927
0.46446642
0.69210243
0.24944633
0.60125995
0.62529296
0.08544439
0.98185045
0.066069186
0.24080378
0.53636605
0.4734367
0.4734367
0.019212134
0.041311555
0.020129802
0.052769758
0.9908082
0.27067012
0.10580755
0.22583568
0.6763171
0.6282563
0.8813191
0.07791384
0.94880056
0.34287602
0.03553415
0.032624885
0.037257902
0.10916996
0.0734871
0.06803851
0.049952142
0.024382675
0.22056298
0.35997036
0.38565412
0.7842796
0.6389294
0.38007793
0.46281895
0.9710346
0.9215723
0.88821375
0.0042727394
0.039717898
0.13196613
0.104110405
0.8706421
0.06330367
0.36353472
0.100152366
0.5353982
0.059143864
0.99119556
0.999153
0.30606928
0.33314627
0.0061236676
0.069300525
0.124487124
0.060249954
0.6857798
0.07244028
0.049906548
0.617898
0.1703819
0.06057247
0.043989994
0.03330783
0.08163679
0.014747531
0.044657998
0.32475147
0.8506036
0.14152934
0.18113707
0.87440884
0.098603345
0.25083837
0.18436089
0.36145896
0.7061588
0.11470294
0.20420367
0.52564603
0.44054025
0.058168817
0.12872753
0.066027604
0.35714412
0.25022352
0.030592281
0.8723806
0.04319972
0.013627108
0.021923942
0.021599863
0.005874993
0.40775225
0.062522516
0.060823318
0.99999994
0.9996214
0.93945926
0.045083415
0.23356836
0.22562651
0.13926306
0.29241386
0.3718229
0.19776013
0.070214674
0.104191415
0.05611957
0.15034282
0.031993285
0.099151015
0.15531513
1.0
0.58435553
0.024210732
0.5967838
0.1626079
0.22412223
0.5599151
0.10242698
0.11153993
0.05162676
0.0347851
0.13915707
0.23568067
0.1322775
0.68454033
0.03731802
0.50161994
0.96717906
0.08694232
0.5687328
1.0
0.42523965
0.4839359
0.19428167
0.08155383
0.02365586
1.0
0.33340573
0.27472126
0.38855442
0.031669196
0.0074893027
0.045806598
0.9497127
0.04634513
0.33842027
0.26470542
0.2530143
0.02928763
0.017002614
0.2528378
1.0
0.3968287
0.04358982
0.8868986
0.54665875
0.9980792
0.040399294
0.054472584
0.055885814
0.021977644
0.92589104
0.20359166
0.020018937
0.03676447
0.7533642
0.5309807
0.22583906
0.029435182
0.14664212
0.1747729
0.026392162
0.4505374
0.052213535
0.023788173
0.018412482
1.0
0.023036415
0.01389692
0.033318296
0.8761184
0.24640638
0.015940292
1.0000001
0.173934
0.31109062
0.09046716
0.40330037
0.71852696
0.23614109
1.0
0.48609754
0.091568045
0.04901473
0.005728963
0.11014362
0.10900041
1.0000001
0.61557955
1.0000001
0.55941707
0.11443342
0.5792197
0.090457596
0.44285238
0.5553697
0.18653725
0.021630282
0.011199759
0.9999031
0.07809163
0.9847268
0.6217891
0.13077697
0.76654506
0.4764402
0.021571245
0.2786574
0.34967306
0.80865365
0.057808295
0.13390434
0.031784967
0.5695623
0.97835356
0.32633424
0.790986
0.0033752855
0.7642761
0.021040812
0.5477192
0.9999999
0.07554933
0.9791962
0.25012568
0.056436576
0.457116
0.10414012
0.04667361
0.02262918
0.13728525
0.99892426
0.9260704
0.3414968
0.14121482
0.0882714
0.424382
0.13743277
0.012349584
1.0
0.39548057
0.024490455
1.0
0.07351675
0.8977838
1.0
0.7717126
0.24350612
0.020884661
0.6782056
0.30554378
0.016708208
0.8562541
0.023524236
0.85501945
0.9704049
0.02565969
0.41410756
0.58705926
0.8561508
0.9519967
0.22672941
0.16611728
0.7670561
0.99973273
1.0
0.15703802
0.060235474
0.05022739
0.013098719
0.41827163
0.03177536
0.12150697
0.58960336
0.38515738
0.9707121
0.510759
0.032254145
0.03633477
0.05443055
0.06366768
0.52026886
0.06668854
0.38828328
0.32727215
0.08353241
0.24894919
0.6768831
0.0805654
0.08073258
0.99999994
0.99999994
0.8160003
0.19689745
0.02609147
0.20394854
0.05947385
0.1127801
0.5172471
0.26439565
0.32066908
0.52660125
0.27687293
0.11430526
0.21478906
0.16611464
0.705189
0.12616472
0.21730924
0.23696437
0.1634789
0.33099565
0.11788884
0.12536179
0.21890716
0.10976608
0.16723388
0.0580777
0.92622656
0.22607797
0.10656363
0.055130187
0.036490154
0.21326229
0.01149208
0.23696981
0.0336803
0.31219044
0.9493459
0.03125824
0.5492157
0.16441381
0.9615917
0.10560281
0.016899245
0.04702264
0.6950249
0.9304106
0.1898767
0.3069316
0.34398824
0.34158072
0.49325165
0.0854674
0.045126125
0.08862842
0.022448456
0.6713543
0.776243
0.12091727
0.20417556
0.21493702
0.35392526
0.21753792
0.016213592
0.20404488
0.2953496
0.084097095
0.7949323
0.79235756
0.6274125
0.12739687
0.33415878
0.47963658
0.4679884
0.24739116
0.93425304
0.738245
0.12508817
0.29346007
0.4667157
0.97464603
0.0554299
0.8624486
0.8687953
0.03739443
0.18198921
0.115129784
0.27807394
0.19200274
0.13104981
0.730962
0.32526693
0.8744286
0.020321423
0.17292707
0.3037706
0.742327
0.56698006
0.020583658
0.059314936
0.03209475
0.5153383
0.04635524
0.567497
0.9836082
0.27407807
0.10552034
0.016022021
0.91373575
0.105319835
0.028118592
0.0236756
0.36059058
0.1183448
0.058404684
0.7948827
0.021385897
0.7351402
0.29458097
0.90002227
0.052684013
0.9280776
1.0
0.028418781
0.06988988
0.062248975
0.077761255
0.98212504
0.077633694
0.10335398
0.51880884
0.018198835
0.88934153
0.117626995
0.9532464
0.030218171
0.17438775
0.98167586
0.25364104
0.11520441
0.091308065
0.035405297
0.036215354
0.22123708
0.005700579
0.9639367
0.041605115
0.25078148
0.2682045
0.23641165
0.06377661
0.025523746
0.18531485
0.067337245
0.05190829
0.08254434
0.027802045
0.10230305
0.12800126
1.0
0.8085718
0.8085718
0.07387196
0.03968638
0.06281666
0.047380984
0.206271
0.157296
0.5838528
0.16262355
0.97280157
0.05538612
0.08418063
0.32804132
0.01876092
0.011384422
0.018633943
0.022955168
0.12860894
0.10791236
0.093223505
1.0
0.1636197
0.30645642
0.9854343
0.07026432
0.03843242
0.96530586
0.9368166
1.0
0.08158056
0.52770793
0.086284116
0.93514603
0.8055756
0.93341804
0.93909705
0.22093819
0.014960477
0.17371058
0.88884825
0.3791006
0.02278141
0.06400362
0.10066834
0.8762659
0.89508283
0.11224612
0.18478687
0.012343904
0.015053758
0.032075386
0.60189986
0.10001802
0.41074058
0.008611492
0.047956176
0.15619768
0.8504902
0.0076144515
0.12853554
0.17018658
0.6759191
0.90478384
0.4222231
0.58073264
0.07667505
0.8236117
0.4537384
0.3507799
0.3862657
0.01984395
0.055703137
0.1678486
0.8608799
0.040744603
0.20037489
0.06721573
0.6276547
1.0
0.3026008
0.3786844
0.01554582
0.034731608
0.060976226
0.8040793
0.27985197
0.48940596
0.07857222
0.012012649
0.056712627
0.09988955
0.9475124
0.056385305
0.44491974
0.01589933
0.33871132
0.2676335
0.11226947
0.8505054
0.853944
0.13784954
0.5131362
0.19477738
0.052836403
0.11207681
0.009264342
0.98081195
0.4014536
0.031106582
0.048330598
0.9158414
0.35606062
0.9638963
0.026381398
0.08142229
0.21016937
0.06682579
0.055415157
0.06450368
0.051630005
0.19598652
0.53729314
0.18968491
0.25560635
0.012177489
0.009694557
0.929862
0.9636943
0.40842023
0.08875734
0.5093338
0.048056737
0.24510162
0.30032223
0.008093007
0.9721427
0.07926835
0.98397416
0.92656237
0.99999994
0.62184274
0.07692866
0.03360273
0.0496358
0.47666296
0.64552385
0.49618536
0.49577162
0.8819156
0.21256708
0.18168913
0.5069092
0.924516
0.024370147
0.20313829
0.18350689
0.030591652
0.008945343
0.92889094
0.07111393
0.9480174
0.23631248
0.03594025
0.103586756
0.053735137
0.9073546
0.0083662
0.13404082
1.0
0.5336178
0.003252148
0.01105773
0.057668343
0.8761184
0.18762605
0.18689427
0.48840618
0.25811467
0.5562783
0.009368959
0.0086740935
0.7469159
0.34218067
0.00830146
0.13530816
0.17299578
0.120169334
0.120169334
0.53504884
0.2763476
0.092464305
0.047919247
0.056852553
0.02943171
0.06373821
0.06198833
0.06745487
0.058177527
0.03932396
0.094802134
0.03896893
0.5800188
0.76620615
0.18092905
0.15235862
0.107150756
0.020671716
0.041059088
0.11338555
0.021150706
0.91650635
0.010128947
0.87116724
0.07112757
0.014513627
0.069220446
0.5721568
0.023959303
0.6710292
0.5818402
0.4395619
0.8557954
0.06649541
0.058381032
0.65666
0.028620895
0.08256707
0.6627346
0.34451038
0.09171849
0.46541625
0.9777561
0.14237419
0.5687328
0.169548
0.18478687
0.01617922
1.0
0.11038239
0.14331959
0.49508408
0.96637195
0.080091074
0.039776973
0.9909982
0.029750176
0.94825554
0.38779962
0.26270252
0.011965883
0.649114
0.35553956
0.7468156
0.2881691
0.08675645
0.10228866
0.91173244
0.012110754
0.74401873
0.023816125
0.35279298
0.32736763
0.9574646
0.3614398
0.025372414
0.06019793
0.76592225
0.03879681
0.030012494
0.018998131
0.08628224
0.701002
0.3320691
0.06715838
0.0275626
0.13722652
0.022351924
0.037404142
0.11191475
0.4644626
0.23795931
0.1680967
0.5841251
0.012688853
0.09354576
0.024179604
0.0059272586
0.050818812
0.052383773
0.08030514
0.02343321
0.034993123
0.1901093
0.344619
0.1487678
0.2199984
0.05783423
0.022395559
0.055217117
0.11217539
0.09349341
0.3644272
0.17592292
0.79137146
0.17575605
0.07594167
0.31589684
0.31589684
0.38643873
0.5484843
0.090925075
0.0066922335
0.099544056
0.24197552
0.1411987
0.7851501
1.0
0.03694407
0.58435553
0.031085843
0.22582655
0.27996883
0.0426145
0.51396495
0.39068502
0.37941754
0.79292476
0.66247433
0.13458566
0.022946607
0.042005155
0.0068167094
0.9993513
0.022864627
0.08100549
0.0814348
0.014979123
0.0068885023
0.08000323
0.07619155
0.05682221
0.02180475
0.027937502
0.019901674
0.04155152
0.5401213
0.5401213
0.52430236
0.5399169
0.17087035
0.14598139
0.057141278
0.0648972
0.018483462
0.24680085
0.26063251
0.30339915
0.68214756
0.11864864
0.008645459
0.24130124
0.2401961
0.082371034
0.03830102
0.046073165
0.3163555
0.31589684
0.024453329
0.99999994
0.52616936
0.05448591
0.440292
0.37028134
0.10163036
0.030345248
0.35870293
0.92142147
0.068372995
0.13266815
0.011737721
0.09754304
0.01590263
0.43397403
0.014312684
0.48628694
0.41677967
0.9972409
0.03322676
0.12332848
1.0
1.0
0.9537523
0.30998054
0.051522274
0.091175005
0.020456305
0.04800257
0.46166995
0.2747011
0.95404756
0.99679995
0.48992404
0.58399826
0.1575977
0.5128797
0.058103036
0.17985982
0.19572118
0.5848716
0.4764402
0.9397861
0.39515394
0.99585694
0.05254232
0.014548096
0.06809911
0.7969398
0.10637038
0.0726542
0.60189986
0.60189986
0.24504516
0.13209301
0.022057993
0.23768097
0.021657687
0.94401234
0.99999994
0.012657018
0.5069311
0.26043314
0.97059005
0.098642215
0.18475668
0.3337745
0.91265255
0.017063081
0.06788064
0.20367019
0.7721983
0.047666032
0.6812789
0.72670084
0.2086522
0.95894855
0.99096864
0.52937347
0.21089874
0.047859345
0.9253285
0.008551071
0.34921736
0.1563239
0.090808794
0.99384093
0.28163514
0.18101622
0.6075295
0.003891601
0.9048559
0.99151087
0.8960572
0.057030212
0.9805517
0.015355081
0.6573974
0.61409765
0.22615936
0.049999423
0.043242272
0.05680896
0.14100543
0.02173682
0.08806229
0.03323727
0.15110868
0.045575973
0.41504994
0.13973957
0.48929155
0.44050643
0.07503764
0.04863307
0.91363657
0.9147838
0.59879154
0.010375957
0.82051337
0.045596946
0.42438197
0.09546555
0.6521673
0.027082851
0.47666293
0.041599404
0.22572523
0.6778944
0.026571898
0.021898454
0.88428396
0.17843233
0.06249798
0.017856942
0.022761632
0.018826675
0.21635701
0.25239456
0.065427445
0.0068869526
0.014669432
0.0024700991
0.008576398
0.064577885
0.036474466
0.040534277
0.0036361215
0.02740839
0.008234633
0.039721094
0.225652
0.23494117
0.0060903793
0.15232521
0.13879538
0.047423672
0.117933966
0.015638093
0.016478598
0.16413535
0.8483267
0.3458507
0.055687435
0.02130753
0.942606
0.055255044
0.014299082
0.07693791
0.009762418
0.0313743
0.06375853
0.06768352
0.004751871
0.028810194
0.050581414
0.006474761
0.25764677
0.10576988
0.0817349
0.11575263
0.009202887
0.042543117
0.0703881
0.017259644
0.034501493
0.74681556
0.011925935
0.013752896
0.12704656
0.33285606
0.30318275
0.9982149
0.020515945
0.3014232
0.12886205
0.69218415
0.14263259
0.130043
0.42388088
0.24448793
0.10289444
0.03539056
0.020141399
0.061482094
0.6192445
0.043856263
0.13467415
0.1178313
0.5843481
0.17484112
0.040021922
0.005961067
0.47251213
0.02340044
0.6954874
0.0025707062
0.0060181865
0.7861674
0.18509208
0.3416146
0.053783208
0.021593265
0.053783208
0.5341034
0.06442496
0.7482495
0.20039147
0.2351918
0.093228936
0.28747264
0.02649981
0.17704067
0.009421799
0.6406518
0.12799907
0.48131448
0.0140499575
0.01387138
0.063932076
0.015892178
0.045293238
0.011051295
0.015706394
0.008352873
0.11811542
0.052672625
0.075808346
0.18873434
0.056598764
0.04934913
0.17035155
0.0455142
0.13571538
0.1117331
0.3870315
0.077519484
0.0034581053
0.007882788
0.040913668
0.04929397
0.034387223
0.11133048
0.29449293
0.07039271
0.37199423
0.010447492
0.04291682
0.119733624
0.10012567
0.27275485
0.16002648
0.026705315
0.069667704
0.6163504
0.03747947
0.11358927
0.09190283
0.37789187
0.012688326
0.059830744
0.08295041
0.12365099
0.016640311
0.16970496
0.1441405
0.99999994
0.020228429
0.020485045
0.12229308
0.09210179
0.034415454
0.19171381
0.017396078
0.15326433
0.12097567
0.0034655402
0.025386205
0.07419236
0.082590796
0.059583426
0.09227892
0.32836372
0.024436392
0.20894353
0.07643622
0.07452929
0.037424598
0.13663433
0.3924644
0.1397992
0.012789332
0.021543497
0.009300054
0.043638032
0.048008755
0.03262894
0.037925728
0.09786574
0.073061295
0.0956742
0.0035906062
0.4378186
0.07530869
0.024326708
0.0053546946
0.02284239
0.010237587
0.3310199
0.074655525
0.21824041
0.172999
0.85084945
0.23372586
0.36290595
0.025074545
0.1816146
0.0381015
0.05269844
0.27756298
0.21005607
0.024816766
0.055957116
0.025238106
0.020807888
0.13787813
0.008743518
0.04092201
0.13077635
0.16855285
0.011848999
0.72614944
0.044908453
0.048569307
0.015673764
0.010335515
0.038193166
0.025988247
0.008447625
0.19817747
0.048519306
0.046368178
0.045870963
0.029071216
0.020527735
0.025715606
0.030924968
0.011659344
0.12376344
0.026547672
0.27110377
0.7811399
0.17157924
0.00798119
0.06739236
0.063450694
0.178064
0.01770826
0.030275457
0.0588716
0.54107255
0.047445245
0.266511
0.03374011
0.19024456
0.12284114
0.062390007
0.07095275
0.29946664
0.23274118
0.47629654
0.073170856
0.032905992
0.12407439
0.17429285
0.035993163
1.0
0.045310713
0.09227752
0.50455254
0.26533332
0.06676254
0.37644267
0.071528345
0.085460395
0.16284312
0.056200847
0.12339331
0.019072726
0.010869679
0.21390198
0.40695933
0.52220315
0.061312977
0.40679047
0.067107856
0.08146002
0.02879141
0.006443103
0.214367
0.41148677
0.13152596
0.12853777
0.10202807
0.010327464
0.1737014
0.052778523
0.14165866
0.5293918
0.030716142
0.0069131483
0.08219782
0.21212393
0.1288521
0.017222883
0.063807644
0.003654548
0.18666996
0.013927737
0.04537182
0.1497758
0.15548798
0.008602612
0.01050696
0.0048223203
0.070140846
0.52945566
0.12607443
0.04251583
0.04520855
0.04520855
0.054525565
0.015570355
0.16091512
0.3899017
0.028213052
0.057735983
0.19975345
0.35138315
0.022373216
0.08643062
0.0077926647
0.01564115
0.019981312
0.022564894
0.033981103
0.25318754
0.22813581
0.04036014
0.056153443
0.9904463
0.9845899
0.07092353
0.4771059
0.016665995
0.04230027
0.22608645
1.0
0.09668244
0.5934004
0.25447485
0.0727783
0.082538724
0.44785056
0.11371805
0.42976543
0.075941525
0.39687443
0.26120755
0.12389081
0.031231975
0.10527404
0.013710779
0.04485474
0.19897905
0.022160482
0.09510362
0.055658866
0.07596479
0.06718588
0.0064924643
0.08668714
0.0064290436
0.016309105
0.027816784
0.12127509
0.01217887
0.008387179
0.073532745
0.80888486
0.25172922
0.08605034
0.30302027
0.005680153
0.03215111
0.03411944
0.05969845
0.0592769
0.016702728
0.04751597
0.08468246
0.030017471
0.0060476707
0.7193122
0.009413603
0.21231057
0.04894877
0.07236834
0.97404176
0.047859244
0.0067758304
0.22311486
0.019124016
0.20325801
0.49249965
0.9986245
0.012573172
0.11482016
0.016300635
0.049223978
0.17535374
0.066383325
0.11825922
0.03154025
0.5517661
0.8926419
0.023354618
0.08512593
0.29144067
0.143088
0.14853054
0.018752899
0.02252172
0.013159891
0.01846328
0.17286797
0.007988255
0.025313817
0.0061869803
0.03284499
0.24214445
0.19708547
0.026520863
0.08457109
0.04512066
0.050470695
0.33101088
0.15682505
0.026257807
0.03945355
0.23277833
0.19903785
0.013999193
0.07314634
0.013406599
0.4788899
0.023707416
0.02576184
0.009825005
0.011077747
0.04972298
0.101503365
0.05851656
0.010779879
0.01441516
0.034971118
0.525614
0.16438514
0.010984221
0.007658023
0.022282062
0.05272661
0.07897454
0.018196095
0.074417256
0.12809612
0.12282237
0.023161383
0.008454861
0.27975184
0.016619697
0.7615566
0.81545985
0.4259617
0.26049486
0.050542958
0.6251633
0.0074628675
0.015716014
0.032017574
0.0071698143
0.8085718
0.043815367
0.17125359
0.020908704
0.09154594
0.0067260256
0.011506923
0.031879686
0.016532697
0.15016648
0.17165484
0.24974889
0.039745282
0.02420777
0.088177614
0.018755583
0.009753576
0.10672085
0.18327989
0.42244807
0.37850255
0.7090961
0.07397684
1.0
0.048558805
0.01800009
0.007359376
0.57901686
0.026986584
0.023124171
0.5935656
0.05062735
0.008437543
0.027894983
0.06929637
0.3566643
0.012533574
0.062258776
0.098166205
0.07071495
0.015292573
0.01754361
0.725421
0.06874538
0.377775
0.04935376
0.044533763
0.13054189
0.10493012
0.015848963
0.07543591
0.37533957
0.076057754
0.003023958
0.09459111
0.72124267
0.12062397
0.6355427
0.1264577
0.060294125
0.046517413
0.03740955
0.041988797
0.033590533
0.056569718
0.0021870804
0.0069923513
0.18795457
0.39299482
0.0455638
0.060558762
0.18691918
0.3555859
0.20647596
0.014595364
0.8280203
0.016962267
0.095230915
0.022982048
0.01686359
0.02103599
0.3445039
0.21421984
0.37011915
0.021526631
0.038852904
0.013430297
0.06938049
0.15254298
0.004183264
0.0036530895
0.12731025
0.16398348
0.18962847
0.06870058
0.06870058
0.72525704
0.48791346
0.0071379547
0.057714924
0.06462042
0.29464033
0.29464033
0.1295771
0.50471884
0.110577285
0.12672326
0.012911355
0.063909546
0.23544554
0.22204597
0.99068797
0.06571506
0.006852597
0.07106641
0.032481905
0.07020301
0.019553611
0.16735904
0.006996615
0.37268102
0.99725866
0.9291552
0.019866258
0.012281332
0.12975669
0.02283807
0.017909676
0.0060939784
0.01147511
0.072335936
0.06665551
0.013779717
0.19346423
0.00793287
0.12380863
0.033658218
0.8102684
0.025585145
0.009274488
0.0058368463
0.08108469
0.24623181
0.44994327
0.1605804
0.0077968384
0.003658028
0.004008581
0.0757752
0.007166275
0.039891258
0.023525998
0.075234994
0.54234284
0.0037476737
0.014480424
0.0981281
0.0021392368
0.05827326
0.1279613
0.0027235032
0.1085059
0.017952865
0.4648458
0.004088206
0.44814688
0.37805557
0.010322114
0.7868325
0.17296311
0.13738403
0.07585882
0.38471523
0.010098995
0.18492198
0.00822996
0.06146539
0.010405486
0.0066181836
0.020663176
0.04693387
0.015265842
0.009536565
0.059561186
0.7748888
0.51485056
0.59079444
0.062019322
0.023398707
0.0066936496
0.06415986
0.0040574223
0.026956534
0.054896574
0.0490672
0.074380614
0.57589716
0.14736488
0.06122608
0.025426272
0.089287676
0.1728599
0.31962225
0.33249596
0.9105904
0.99893343
0.85991675
0.35207343
0.15316515
0.03305421
0.034618646
0.026426978
0.2301457
0.035471544
0.0566031
0.0062384303
0.06696123
0.5005949
0.041539177
0.48288777
0.029040936
0.030625291
0.27048585
0.07159365
0.025137106
0.07557494
0.033900056
0.10239489
0.021919845
0.10287129
0.031354774
0.059637625
0.011191553
0.0083079105
0.13804665
0.18778777
0.05288867
0.08305745
0.010237696
0.01725889
0.05988249
0.04157767
0.0053262883
0.056874283
0.062935635
0.012956823
0.4718145
0.053104747
0.05827623
0.02207213
0.30708843
0.28467482
0.056559395
0.13441584
0.022307685
0.17385766
0.04365976
0.23012312
0.47754103
0.026512522
0.0059906924
0.038186215
0.036853876
0.15111895
0.04140225
0.67996144
0.054016784
0.08782362
0.7479055
0.01146335
0.024115728
0.62882704
0.05612974
1.0
0.9221752
0.9953406
0.11710388
0.9953406
0.50040555
0.01265299
0.24847883
0.067496926
0.16574275
0.0020142673
0.36708736
0.032768637
0.12804203
0.023632275
0.061938696
0.007198622
0.15069486
0.28921497
0.042250343
0.99999994
0.27870974
0.13210846
0.06869478
0.05190966
0.009923041
0.19293265
0.018377842
0.107135594
0.012641991
0.018090403
0.18348229
0.015359786
0.018050667
0.08972127
0.13728873
0.37116975
0.016370129
0.82403415
0.7823236
0.17114642
0.0062508034
0.052986432
0.025042411
0.17946056
0.042320374
0.02189805
0.031211222
0.038251914
0.46985993
0.06347422
0.036982268
0.013787032
0.05165624
0.0237613
0.0068243165
0.080194734
0.036461342
0.016696785
0.009626657
0.07763412
0.9492869
0.38548484
0.0708699
0.035444852
0.0117211575
0.06451691
0.00881902
1.0
0.10103436
0.021254525
0.011510656
0.08332236
0.020971542
0.11486767
0.046046596
0.08560875
0.019262044
0.051457863
0.39919406
0.1666646
0.01597571
0.015338098
0.052859712
0.018896054
0.37408546
0.020409886
0.072588846
0.056472417
0.05927431
0.065852955
0.05783461
0.069865674
0.02012023
0.15913121
0.27858678
0.27858678
0.039993193
0.085517235
0.05131322
0.027089903
0.023663511
0.16099599
0.043559123
0.0658222
0.03040655
0.020414189
0.034613367
0.0043671373
0.5205769
0.003910818
0.08255554
0.04801694
0.050723623
0.11812505
0.14792328
0.037567973
0.11030559
0.008340868
0.02589109
0.024810571
0.046470966
0.021319898
0.025983686
0.28366038
0.84222394
0.10520719
0.01861282
0.27185306
0.27185306
0.035092007
0.05545374
0.022683188
0.09780323
0.010829606
1.0
0.0757173
0.019313
0.011538025
0.23010941
0.058071047
0.012281567
0.1233824
0.33552453
0.32104358
0.81627923
0.024430564
0.2619029
0.042529404
0.1576158
0.052258503
0.3173362
0.22130834
0.11943961
0.21760389
0.065129966
0.070336595
0.22943142
0.009752202
0.007266592
0.1046171
0.03475172
0.007361423
0.022750285
0.041359875
0.044093207
0.049681183
0.78280413
0.8650094
0.77519673
0.7517393
0.28626576
0.0124032805
0.0719282
0.010790374
0.24867421
0.013594223
0.22951782
0.20900185
0.14644884
0.089338414
0.010108197
0.006602403
0.10567654
0.15825942
0.074307345
0.0659698
0.049944337
0.09548494
0.09168961
0.060578376
0.053644646
0.043202624
0.021971243
0.21750942
0.05819424
0.5690767
0.020216482
0.093391426
0.064322144
0.07524109
0.52660125
0.11658726
0.03568589
0.014689112
0.03434619
1.0
0.07180374
0.06442403
0.03009954
0.008056394
0.05107537
0.04567688
0.023434
0.10872309
0.16007702
0.025187466
0.017753705
0.32877985
0.018878166
0.07337731
0.24902563
0.2592823
0.03903382
0.0037649923
0.034086853
0.0572565
0.010042455
0.063821785
0.11017341
0.030040307
0.24743837
0.07683091
0.007363183
0.034992877
0.013156632
0.015620876
0.20635907
0.20635907
0.20031528
0.04147297
0.57749474
0.0016209261
0.011589198
0.008716738
0.034836106
0.08735048
0.004953701
0.07016647
0.3161011
0.018214038
0.05746111
0.0688426
0.012714312
0.027780665
0.35350078
0.01126352
0.42079324
0.051404975
0.09875216
0.0861426
0.07562538
0.016406154
0.036062524
0.11899302
0.1644388
0.024283549
0.12904386
0.006741859
0.010504983
0.2566376
0.03796297
0.98377746
0.024320057
0.012727625
0.07090514
0.057798404
0.0106553845
0.02234204
0.008134511
0.05675951
0.10234288
0.07265569
0.27861145
0.08123452
0.03519051
0.0045941574
0.08377588
0.16397858
0.04416453
0.24405287
0.08962137
0.026850067
0.04350971
0.1637072
0.020744314
0.42690986
0.23322554
0.052727647
0.0092445975
0.011834032
0.81943214
0.107281126
0.23241106
0.091779515
0.119171515
0.013226811
0.12509122
0.062430557
0.80974567
0.68214756
0.06991052
0.01971691
0.061752282
0.11350075
0.029171595
0.13751805
0.43331838
0.26763245
0.11940122
0.028376581
0.80365866
0.025885481
0.053319734
0.8979283
0.087130986
0.010047429
0.013243131
0.9836665
0.32688212
0.006072968
0.035878606
0.063034974
0.11272703
0.11024819
0.0606845
0.012284305
0.26583794
0.16579874
0.82354444
0.14834261
0.060157318
0.07916911
0.15882672
0.05305494
0.048524257
0.5077037
0.25577793
0.09537504
0.006537174
0.5747232
0.68094105
0.87931347
0.004233817
0.34838688
0.0068056374
0.09184921
0.34657997
0.026230114
0.18021768
0.10083467
0.0076503144
0.16380355
0.37028134
0.24948153
0.13166478
0.06826328
0.2205089
0.36818543
0.93093896
0.8612761
0.12740512
0.9821854
0.11728718
0.01507589
0.041228496
0.03279044
0.043600574
0.32289284
0.47427014
0.06096206
0.107117355
0.017431324
0.4916973
0.1841995
0.083918095
0.014558144
0.10537333
0.1240483
0.011288778
0.010879113
0.006322219
0.0600775
0.10194704
0.17634583
0.009351634
0.112359494
0.0117237745
0.006316154
0.13314709
0.08232125
0.08133205
0.021541582
0.035088815
0.013403638
0.42046085
0.045649827
0.10872166
0.056172907
0.10923061
0.36824644
0.26471585
0.5776623
0.08464244
0.26471585
0.13544716
0.30486345
0.11924432
0.013421022
0.24301085
0.1034205
0.031983487
0.19652256
0.4748649
0.39659086
0.012347729
0.55921096
0.20223932
0.035484537
0.017430188
0.01925569
0.41792154
0.41828057
0.018906472
0.029945161
0.039202016
0.056466054
0.064045556
0.016448382
0.61759543
0.21554834
1.0000001
0.7436295
0.061310004
0.05942857
0.12235368
0.0107231
0.47233173
0.0063086823
0.050559353
0.024041591
0.19190075
0.013406775
0.049449645
0.016061105
0.012176221
0.062313117
0.031324722
0.21827509
0.027663387
0.12400953
0.032621007
0.026592895
0.057141602
0.07911899
0.7596138
0.087751955
0.43560553
0.31806174
0.090098
0.02313326
0.0051852465
0.0622533
0.09768964
0.08992605
0.010314423
0.20271794
0.08856464
0.047769535
0.0065621543
0.002804857
0.03855817
0.30493963
0.38206616
0.8107123
0.010585862
0.10714122
0.2361753
0.08808688
0.045206755
0.13604234
0.1673076
0.04363542
0.08422449
0.086199716
0.07756643
0.043609697
0.116383456
0.0680291
0.862896
0.02346611
0.07114448
0.8312328
0.0029531016
0.02755193
0.98250794
0.015622668
0.21890716
0.12528117
0.16101442
0.23356836
0.124259755
0.40631968
0.04703633
0.8727746
0.023301583
0.10666621
0.7822836
0.027780827
0.045704413
0.048735544
0.43036985
0.036350578
0.8408186
0.017776307
0.18267974
0.11482144
0.116086125
0.0048876237
0.2299151
0.25417566
0.049517047
0.29588634
0.17519553
0.3171714
0.017309591
0.009086998
0.6390288
0.21045606
0.09926173
0.489486
0.30227932
0.040525533
0.016809866
0.1788408
0.11173703
0.180099
0.1309857
0.09655121
0.049898915
0.027561849
0.023360718
0.028481266
0.5168168
0.029646464
0.06189102
0.28757483
0.048177067
0.15523252
0.098029144
0.6290907
0.057774607
0.07484893
0.11761633
0.049901355
0.021434635
0.033872526
0.039316252
0.099600405
0.15432557
0.10664754
0.58960336
0.06700351
0.6674418
0.23784852
0.19314729
1.0
0.13167673
1.0
0.049679216
0.14644913
0.19189681
0.21668825
0.17653449
0.03788208
0.05478359
0.083554685
0.021818185
1.0
0.8228442
0.03369485
0.18532236
0.004357344
1.0
0.06991052
0.5789242
0.22825143
0.020703258
0.44174436
0.5785677
0.10013268
0.011276626
0.08576869
0.7458741
0.7635137
0.21885127
0.89391774
0.632372
0.05574668
0.1197248
0.1479281
0.9973261
0.15931216
0.15807088
0.0033220781
0.24076995
0.120722696
0.057890162
0.065482385
0.3531693
0.22104405
0.3583678
0.64814955
0.10294791
0.025283184
0.6469776
0.3019534
0.0060984534
0.19576383
1.0
0.13358033
0.04980972
0.9062761
0.41556892
0.065982915
0.04919551
0.022533575
0.98930085
0.13895999
0.2683897
0.7795354
0.13894327
0.056440376
0.070112556
0.7026659
0.046711426
0.1061242
0.11052106
0.006330763
0.077706724
0.04491194
0.1047214
0.0556725
0.017314967
0.018431326
0.391302
0.008749604
0.019633489
0.39244273
0.13399978
0.022484673
0.014223155
0.06680491
0.013624861
0.11178173
0.1053522
0.03545163
0.059136543
0.056328382
0.0079475455
0.06464091
0.66757363
0.2004578
0.050879527
0.06330857
0.0640238
0.03212321
0.023515174
0.013310485
0.07095917
1.0
0.98798037
0.13319822
0.01002075
0.051744033
0.017919322
0.0065192753
0.053631797
0.009675859
0.004156009
0.00754514
0.10235745
0.118960366
0.06318071
0.0069231526
0.055013794
0.08789035
0.010225443
0.114901796
0.053008765
0.02183198
0.086393304
0.009919811
0.027118403
0.0643639
0.0643639
0.10230235
0.024300952
0.43566045
0.41282183
0.07594167
0.027358146
0.15903957
0.13626619
0.31631693
0.07691015
0.06652313
0.14612326
0.3220673
0.14268379
0.042848736
0.01108363
0.028889036
0.0028975352
0.06788927
0.1118626
0.01947823
0.0397536
0.0231841
0.028743146
0.5586873
0.67060006
0.06644397
0.035625145
0.13480219
0.03344822
0.08121502
0.02423642
0.14194603
0.03396636
0.4182581
0.05586248
0.03125906
0.019027257
0.4504653
0.4504653
0.9707121
0.71399647
0.11189349
0.011251369
0.0142020555
0.23515245
0.19041367
0.19041367
0.016872695
0.19013764
0.021967974
0.067337304
0.6526237
0.046084974
0.028170459
0.0027981624
0.26275405
0.011057042
0.122724704
0.023601748
0.047692508
0.103525214
0.0063048983
0.03306236
0.15178803
0.013236887
0.792276
0.01639368
0.6727364
0.022570437
0.98798037
1.0
0.5843481
1.0
0.42269439
0.20497295
0.9163163
0.28235823
0.06299162
0.040171053
0.060135797
0.16647136
0.18327989
0.07175831
0.45541874
0.02133877
0.07277217
0.16037942
0.40556487
0.9990048
0.067457825
0.5274529
0.28715363
1.0000001
0.173934
0.9707121
0.173934
0.6958506
0.050315306
0.06147146
0.16445534
0.055973385
0.14768459
0.39154568
0.054759327
0.88140213
0.33895308
0.014981363
0.6375956
0.010602058
0.13048147
1.0
0.3646615
0.06250137
0.1312385
0.017064506
0.16803712
0.17001173
0.27635485
0.013060775
0.024556054
0.0075823627
0.022179738
0.09416853
0.07844048
0.03594481
0.09683295
0.012973248
0.038514152
0.21053685
0.02577298
0.0071053025
0.029004449
0.02509154
0.2178477
0.034730423
0.23350735
0.022334654
0.058119554
0.99892426
0.9260704
0.09994803
0.09233445
0.06039698
0.0034522244
0.07201111
0.012784074
0.033384655
0.32607493
0.044782948
0.05378684
0.28040698
0.020572145
0.09151077
0.09755986
0.13324443
0.07921574
0.011882746
0.15454723
0.17636275
0.6229377
0.47784933
0.0011620768
0.055632275
0.03903782
0.05983487
0.00535454
0.020283433
0.030978087
0.036889505
0.007905518
0.0079786135
0.020340126
0.022326704
0.021761334
0.024680061
0.3201601
0.3201601
0.012357912
0.30896887
0.08896562
0.3286736
0.046702363
0.012947025
0.06645412
0.0027686371
0.024621902
0.4047879
0.014296415
0.009262608
0.05085632
0.026426595
0.029395271
0.07713126
0.16256912
0.014096639
0.06801215
0.037293468
0.04123184
0.006049706
0.040005848
0.0168523
0.067897804
0.0030889972
0.33480993
0.10295057
0.20582801
0.053081024
0.7527
0.034262143
0.7488177
0.01720428
0.9809943
0.04927557
0.058651946
0.4975786
0.24884522
0.0026551252
0.73440343
0.10491832
0.33751008
0.11048448
0.046343405
0.050001457
0.10412533
0.013898274
0.27819166
0.012492156
0.011859118
0.009630402
0.31283563
0.80974567
0.80974567
0.35337073
0.19429187
0.09703081
0.23980857
0.09016086
0.4235743
0.06459408
0.07266112
0.0824881
0.021129292
0.02211143
0.05970796
0.0767159
1.0
0.0105499765
0.079088606
0.042552363
0.100914195
0.017256029
0.0063396986
0.034533843
0.097349785
0.05765206
0.16103354
0.05796919
0.029802827
0.0090958
0.04906893
0.09800054
0.24172848
0.022963507
0.13215563
0.005458954
0.026580384
0.021723809
0.14384912
0.014723553
0.011426858
0.4628467
0.022800995
0.08243018
0.08988047
0.08570481
0.03791557
0.061190788
0.04994202
0.67998683
0.11829247
0.08663386
0.011374851
0.668652
0.28951997
0.121935315
0.5923412
0.04106743
0.4588227
0.051337436
0.83560187
0.092451714
0.0054831468
0.44785917
0.59973955
0.56351155
0.009461642
0.25257537
0.058310874
0.10295364
0.13062572
0.018190151
0.21447468
0.11050175
0.071022324
0.14015318
0.9547629
0.11448953
0.23280668
0.3199442
0.071907856
0.07230251
0.098384395
0.3116006
0.032308005
0.088148296
0.2949403
0.44515857
0.12953602
0.060964607
0.030750727
0.14685191
0.12554444
0.091462076
0.05382304
0.025272336
0.10420053
0.0425718
0.15066457
0.09696959
0.07924191
0.0982756
0.027509874
0.12345601
0.106815375
0.21851802
0.0047139893
0.014987906
0.101713784
0.5681303
0.24141155
0.008060918
0.021090088
0.105323106
0.14480454
0.19222534
0.030846458
0.042638663
0.056849588
0.22740886
0.1848703
0.20358683
0.012185386
0.0055163843
0.09062744
0.04594896
0.006642755
0.017869655
0.06762474
0.03089577
0.011993166
0.041152988
0.041152988
0.13125302
0.16127045
0.0833214
0.041563004
0.010571324
0.035705037
0.033827018
0.009134852
0.057545256
0.39209554
0.6885944
0.623308
0.7126467
0.020175721
0.015710596
0.17944005
0.0018450676
0.010495963
0.045850497
0.24948739
0.12173927
0.13787504
0.07403331
1.0
0.39959937
0.21897694
0.8260504
0.18778989
0.78873086
0.9987975
0.015015652
0.06998571
0.30853328
0.027888622
0.020634227
0.16973554
0.054815035
0.018859647
0.015230552
0.04528864
0.16029106
0.22943667
0.26617157
0.14308016
0.0054348367
0.121354766
0.12398815
0.08471004
0.045029774
0.014346989
0.031779736
0.058256187
0.16369446
0.12153585
0.030008297
0.8229232
0.8229232
0.016748121
0.061878826
0.2911378
0.21811141
0.03744087
0.056140054
0.2823258
0.04897974
0.015862303
0.011129998
0.0132410675
0.015516694
0.08756228
0.03358565
0.015315268
0.053793088
0.18353473
0.017218461
0.54951024
0.6771827
0.01954014
0.8144478
0.13373487
0.011605867
0.0048847203
0.17611127
0.007572412
0.01070747
0.05693193
0.9528301
0.92998064
0.11236037
0.24874961
0.49400863
0.28526616
0.24145013
0.011538164
0.010172202
0.059940897
0.7130854
0.695829
0.050515458
0.054687344
0.10887662
0.04222426
0.010523556
0.016978309
0.51553124
0.21223967
0.025264572
0.36440048
0.52160674
0.044514213
0.16038075
0.030038321
0.18598992
0.14559253
0.09087076
0.53008956
0.3053983
0.28830022
0.71953285
0.15771258
0.9988058
0.99673355
0.11013519
0.43071833
0.120967925
0.15534805
0.019368641
0.28618568
0.2754277
0.14695443
0.0800827
0.10387482
0.75150716
0.037047323
0.09362784
0.18742613
0.3003773
0.05838104
0.049744707
0.12521146
0.051560186
0.34065956
0.5268059
0.38911206
0.015049876
0.15466893
1.0
0.09039848
0.10263985
0.0042150905
0.10334281
0.29566902
0.037380613
0.016660525
0.052028667
0.17468925
0.066703916
0.19922288
0.0589575
0.069472305
0.76296926
0.09580867
0.9520656
0.012947562
0.41991535
0.012213913
0.019062314
0.049795583
0.29607034
0.07060812
0.02381193
0.09475543
0.10095277
0.23449619
0.19825675
0.024097722
0.09734023
0.040758852
0.055842306
0.35084483
0.04416558
0.7344236
0.099478014
0.021652156
0.5549581
0.066559575
0.12095056
0.009921952
0.16436945
0.5545778
0.009858303
0.22721554
0.24748984
0.019952944
0.034470372
0.010429438
0.09278774
0.4074527
0.19268659
0.2545674
0.52231205
0.13803446
0.23943697
0.28679875
0.3749231
0.020140627
0.04431224
0.13784325
0.0705496
0.89058954
0.040616807
0.039662093
0.95381784
0.008283334
0.041605115
0.96566945
0.060947802
0.74122
0.38946095
0.7206639
0.14664212
0.06409169
0.019689998
0.059102453
0.0076113134
0.042369835
0.03747621
0.009404143
0.23296623
0.058012955
0.0148563245
0.25582346
0.06738031
0.17341624
0.1533539
0.3778443
0.034882907
0.8233294
0.58051085
0.123749875
0.034248274
0.020376705
0.26326036
0.050628584
0.028390184
0.050107606
0.0162142
0.013742194
0.06511984
0.037775986
0.13267943
0.0054199584
0.08819918
0.008896121
0.3866353
0.015347351
0.03791361
0.013155189
0.1204428
0.012970446
0.09953008
0.10387257
0.3541058
0.012008957
0.09701545
0.8030047
0.26988065
0.08112244
0.01873657
0.0058756317
0.14931868
0.16191493
0.012114758
0.502925
0.16486557
0.07504711
0.3134741
0.0079118
0.025808988
0.022293963
0.22862664
0.05941799
0.47963658
0.047828685
0.047101956
0.09184974
0.0025715178
0.041618984
0.5266497
0.003125915
0.08573363
0.43587342
0.05776269
0.2527821
0.032908667
0.18439093
0.04301452
0.123416305
0.5153602
0.14030236
0.15454172
0.10799359
0.021519307
0.01540087
0.0084303925
0.03653075
0.032537665
0.021308726
0.009802725
0.21824041
0.26471585
0.028278228
0.0061794342
0.5795648
0.039572008
0.04762817
0.0731017
0.004103021
0.26613447
0.5493251
0.012835126
1.0
0.011836418
0.094335064
0.07104121
0.028811654
0.014457675
0.034962703
0.021748789
0.010602232
0.6020294
0.1216602
0.09958098
0.08158056
0.011326538
0.20451884
0.39366516
0.35986197
0.03169311
0.06962196
0.012182874
0.007402727
0.015993584
0.0112849185
0.027525393
0.011919259
0.87538344
0.010229697
0.009830524
0.008762607
0.15735759
0.086182736
0.047087483
0.042703796
0.76558095
0.67001283
0.29377145
0.034487203
0.16231424
0.475645
0.23439384
0.67526907
0.33666888
0.32104164
0.29927322
0.004687795
0.31200913
0.3184788
0.020929398
0.018624546
0.046356663
0.015664842
0.20701456
0.00817424
0.02708285
0.23905504
0.7983504
0.07070653
0.15979818
0.07301556
0.026769817
0.007677098
0.059409488
0.0094954325
0.033687674
0.23041536
0.29243356
0.06142487
0.2284134
0.2264527
0.26559842
0.34264806
0.11048751
0.1994821
0.0167677
0.05243055
0.53016114
0.036028538
0.21516243
0.17603615
0.050786473
0.013246876
0.012423457
0.15474875
0.06783826
0.009136628
0.017746897
0.54381704
0.6087983
0.4710876
0.040914625
0.014287826
0.13295464
0.08052417
0.100644
0.038734276
0.0042434013
0.007608827
0.00606721
0.53840685
0.0059913797
0.19545561
0.04155747
0.12406315
0.09893234
0.022863002
0.079430126
0.24774289
0.08469195
0.029927736
0.15286571
0.013803866
0.06717492
0.1966198
0.033074073
0.045309745
0.057347406
0.032602143
0.14890644
0.42072922
0.0036675343
0.023724383
0.031201646
0.011948308
0.02615527
0.74670684
0.005035432
0.0075128865
0.015160909
0.11310445
0.999843
0.30086395
0.015872957
0.031718295
0.09783218
0.1696821
0.008002432
0.069421165
0.56786174
0.072409876
0.11572473
0.1460795
0.0439754
0.03437737
0.017287118
0.01608338
0.17721483
0.031014934
0.32809067
0.7668104
0.019492242
0.070346974
0.35554975
0.048929438
0.11630529
0.16591634
0.041370418
0.18692115
0.14875153
0.07500374
0.035272285
0.60685956
0.03029056
0.097500615
0.16768803
0.35432032
0.15123324
0.01747353
0.09780404
0.025270948
0.038835026
0.10217199
0.27158985
0.07487786
0.8282095
0.11122502
0.33212903
0.55184793
0.06433582
0.13483748
0.008495545
0.0045927893
0.14780487
0.32231438
0.06944784
0.0112046525
0.009921817
0.012621187
0.0038287768
0.021580415
0.0026320494
0.011939606
0.05748479
0.04488288
0.04512162
0.0053428854
0.004064898
0.1131523
0.009910572
0.018039733
0.020645969
0.048773468
0.09843933
0.019604132
0.03161607
0.15103798
0.12180558
0.01511043
0.06590463
0.016292619
0.018695297
0.005485404
0.09736951
0.033397563
0.054292995
0.0459065
0.0057359436
0.0110293105
0.03542213
0.17807357
0.011616999
0.0124532655
0.009957102
0.13299341
0.09544648
0.10088178
0.022961562
0.025112225
0.7008232
0.010603478
0.010006653
0.013590426
0.0063601085
0.054695494
0.11312221
0.062527545
0.105259396
0.09591547
0.07880603
0.3304491
0.06667282
0.009441607
0.011314475
0.41734377
0.40309387
0.039281745
0.014826224
0.069836356
0.09537451
0.042257424
0.072409034
0.02770698
0.0060332073
0.1174638
0.07494444
0.057355653
0.015158428
0.013600303
0.09254637
0.36083806
0.6358934
0.48499823
0.05749602
0.018849412
0.047256622
0.1897647
0.35469535
0.11132955
0.0048004603
0.06839329
0.028851863
0.018459471
0.050340887
0.04012977
0.07301652
0.24520911
0.026196135
0.005487815
0.07658879
0.020776955
0.04142094
0.0070145843
0.016904738
0.12580019
0.06292489
0.007645416
0.020577757
0.028269494
0.12870872
0.067158096
0.27359918
0.02748114
0.18263148
0.026933664
0.08911677
0.009695825
0.056772772
0.055824433
0.027416913
0.06899253
0.013526399
0.03601167
0.031481583
0.003987718
0.03600722
0.032519378
0.0028131595
0.008734626
0.06525397
0.07200141
0.03144058
0.46638238
0.09309315
0.032863762
0.010469056
0.22533879
0.9699338
0.3020544
0.10360674
0.046380974
0.012546266
0.1995253
0.028081786
0.2141273
0.03389535
0.06633785
0.08379083
0.0080998335
0.010671907
0.17335807
0.008721258
0.16381955
0.008113546
0.020820934
0.011744775
0.15229447
0.1848123
0.06435912
0.28927207
0.031894695
0.12915517
0.036805358
0.6502676
0.47614628
0.08084783
0.09114308
0.123811744
0.11563052
0.1217952
0.029739693
0.026428927
0.015475117
0.5145567
0.08945503
0.014305762
0.009887254
0.057497416
0.08615768
0.1273447
0.32984996
0.008778723
0.01971918
0.03453395
0.012919624
0.2954225
0.26279148
0.028195078
0.19877586
0.03644623
0.47276038
0.030345732
0.012571943
0.037417464
0.11581634
0.48019946
0.06217018
0.14744164
0.09624221
0.053824198
0.10635316
0.07689786
0.05313281
0.07366105
0.007262443
0.01451592
0.027209708
0.09603231
0.03065872
0.021931108
0.009478598
0.009192825
0.007939921
0.10625316
0.010665902
0.13387638
0.52669287
0.04768608
0.24048278
0.048091687
0.46844095
0.022406919
0.34289828
0.14082937
0.27859434
0.013136822
0.033527274
0.027581787
0.069880635
0.07231873
0.17719583
0.023255354
0.014622682
0.011373032
0.01111109
0.009173068
0.01185787
0.08297104
0.03579883
0.1929831
0.038319334
0.054512896
0.009575515
0.12067082
0.03423231
0.2214252
0.035690352
0.04616002
0.07221327
0.028164214
0.14796926
0.040003683
0.020676853
0.07225819
0.02052191
0.4480833
0.034039643
0.0064636464
0.038131863
0.016907185
0.046272654
0.020528082
0.050471406
0.24146958
0.30978924
0.004859141
0.096084505
0.041220482
0.0077171023
0.067327194
0.08951915
0.022138925
0.020895086
0.009190981
0.0076937512
0.0054947366
0.01679482
0.010495731
0.11347454
0.025065066
0.01942668
0.01887816
0.13574868
0.020837108
0.05792466
0.03119343
0.043306854
0.007501914
0.010777182
0.011257392
0.038116097
0.022043664
0.012153103
0.09417226
0.11801764
0.007387149
0.091089256
0.41384554
0.028197935
0.78249764
0.2043324
0.05314421
0.027402202
0.23146406
0.029406728
0.1291404
0.054824833
0.028729614
0.09372271
0.17703591
0.0052921115
0.077822626
0.017622184
0.7462845
0.038344204
0.0966776
0.2376115
0.025979191
0.14717205
0.034813676
0.027164344
0.07042023
0.1550288
0.17158346
0.99725866
0.1611549
0.0071484842
0.0462301
0.005175245
0.023519918
0.036669992
0.037666883
0.0776709
0.029307287
0.05002516
0.014079368
0.00270102
0.78225493
0.06385041
0.7635833
0.18028522
0.03032992
0.010627787
0.09694505
0.1747838
0.012960535
0.0025507796
0.1433563
0.031627666
0.049377974
0.12419982
0.039573487
0.23241667
0.5371873
0.060485482
0.0053291786
0.26407132
0.34849602
0.010512565
0.017441673
0.022562403
0.29055598
0.014459967
0.02996203
0.06950273
0.005506362
0.048570868
0.031379208
0.09865739
0.0080832215
0.013194388
0.10982556
0.6363121
0.060318872
0.06903021
0.11091909
0.035051268
0.04668089
0.025846073
0.33551434
0.21154203
0.076134294
0.3234365
0.041455083
0.37678918
0.013456399
0.36477658
0.040170975
0.04726413
0.03121451
0.0029957576
0.00925961
0.10421109
0.068289794
0.072386935
0.032883514
0.06944333
0.045769732
0.080990195
0.0108957775
0.006722626
0.083633535
0.1056184
0.04220232
0.05297214
0.10239489
0.0072967145
0.6167057
0.0051638344
0.0053034583
0.0059465906
0.1919576
0.4718145
0.075585656
0.052951064
0.0134388525
0.06262382
0.08961686
0.49934706
0.041378
0.09216869
0.25337693
0.16676317
0.012840498
0.34210652
0.021995846
0.036333624
0.013672654
0.06703723
0.023043387
0.36058727
0.07566391
0.08024048
0.0063511385
0.01301983
0.00960539
0.2604345
0.013406953
0.32770395
0.12134491
0.028594049
0.09293283
0.010390914
0.0063401074
0.015713729
0.041996162
0.115719825
0.10764254
0.27810395
0.05158723
0.031710483
0.021636017
0.074165605
0.04352804
0.038793847
0.21422385
0.025628915
0.05840344
0.24770401
0.023948813
0.008436837
0.053136148
0.03792449
0.0073640994
0.040053844
0.0067529613
0.076670475
0.445862
0.5952076
0.080020666
0.025161702
0.0032934127
0.011017121
0.1639449
0.07892861
0.019886855
0.105068006
0.020288777
0.02524741
0.08216413
0.034694504
0.10137578
0.010466552
0.022170795
0.018245004
0.07146403
0.017743774
0.009877337
0.005985756
0.14706331
0.038949903
0.14190666
0.020914275
0.12795433
0.01845347
0.073084615
0.037961822
0.06767917
0.01122705
0.025493624
0.11569141
0.009386382
0.036614336
0.03866255
0.020417897
0.15364611
0.01909152
0.31860867
0.011922609
0.0056955866
0.13356654
0.0021844713
0.07634386
0.034567975
0.08029989
0.24033673
0.009352186
0.26343414
0.13078792
0.04123032
0.81727797
0.86808234
0.041087206
0.20584254
0.06495375
0.060755715
0.012990645
0.14039707
0.017078005
0.09274089
0.045883432
0.1789896
0.13170819
0.011322921
0.028277773
0.028437378
0.07896824
0.03351612
0.04158872
0.05695872
0.018621817
0.07899062
0.028008994
0.57981044
0.39680025
0.027915113
0.0462026
0.024502138
0.023947887
0.09574928
0.15196815
0.010416606
0.033298027
0.09620233
0.10638746
0.07959271
0.051943008
0.09452871
0.056164395
0.085794434
0.02662269
0.037404228
0.1150276
0.015422933
0.04350887
0.009860987
0.06863136
0.14309523
0.01183489
0.15498564
0.03768969
0.005388714
0.0698018
0.013847197
0.08038857
0.097170405
0.011865246
0.18225777
0.09606759
0.04592476
0.018067822
0.024197452
0.054075222
0.012138273
0.038979273
0.008791061
0.08331515
0.003159266
0.0059070373
0.00543747
0.012589177
0.13873196
0.015267867
0.11867427
0.032305013
0.07668786
0.3002969
0.15020363
0.015816292
0.12880671
0.03061744
0.015529329
0.060552176
0.17819396
0.009245215
0.20777968
0.08976124
0.29437494
0.0500939
0.046411216
0.012458685
0.04310341
0.13422959
0.019290961
0.256754
0.016721664
0.07608162
0.009663585
0.014494948
0.15822367
0.060498208
0.0077973073
0.02673647
0.067580655
0.060058314
0.010220716
0.48015532
0.39540225
0.09270899
0.014999867
0.014391349
0.073719524
0.017491443
0.0152740525
0.068101056
0.017370451
0.013800222
0.01923812
0.04255791
0.107601814
0.01865501
0.005574355
0.020568639
0.119984224
0.09429468
0.003975881
0.009120676
0.006075283
0.1345344
0.052689046
0.31093326
0.23069821
0.040510964
0.062338904
0.117221184
0.011892309
0.6114496
0.35070324
0.0055061146
0.017015256
0.2658773
0.17129275
0.050803725
0.033134557
0.011198125
0.0340465
0.13526379
0.009484055
0.05737198
0.13480636
0.13117419
0.045003768
0.005240366
0.01316622
0.007805902
0.13904697
0.0060201883
0.068863966
0.07321402
0.05785983
0.060563758
0.18658288
0.05344716
0.18189353
0.3119512
0.019270273
0.17938097
0.118428916
0.08158478
0.08966802
0.019201742
0.016812835
0.017248366
0.15913549
0.021612938
0.048650242
0.005701044
0.14667758
0.059475984
0.034933824
0.04064111
0.06176441
0.020493267
0.57682484
0.018726137
0.048325166
0.053965323
0.017628504
0.017454913
0.011250315
0.114815585
0.19725777
0.09912511
0.048155148
0.010291914
0.010588729
0.05688423
0.019238394
0.064743124
0.1616513
0.099015266
0.057129495
0.045090318
0.015360991
0.10312093
0.062362034
0.028530207
0.019380331
0.81394017
0.02849252
0.032055248
0.1309272
0.5093746
0.22741705
0.11987165
0.46035373
0.9547003
0.0053257453
0.018515218
0.021588493
0.10537623
0.03659801
0.023548016
0.19927672
0.97090936
0.16327718
0.007855291
0.017287677
0.5368666
0.0108161755
0.021654155
0.02172733
0.05122401
0.10222611
0.057877142
0.0696011
0.19686651
0.1997588
0.09180767
0.09353257
0.13095213
0.008945341
0.049661864
0.008634251
0.15994462
0.038257986
0.019440895
0.16280709
0.10287088
0.42072922
0.0902843
0.06524686
0.037096716
0.045963097
0.47647533
0.0656421
0.07823025
0.42852834
0.088329695
0.02378879
0.09567661
0.12867431
0.039618243
0.028398933
0.13832363
0.11365302
0.27416995
0.067852534
0.44515857
0.121457666
0.011964243
0.11312221
0.03548588
0.15827377
0.08654801
0.16735904
0.35530975
0.59407413
0.23789178
0.1563884
0.2567995
0.4267464
0.18622428
0.11446245
0.14862305
0.7906197
0.020342976
0.083625175
0.012047116
0.030973975
0.090062395
0.20838818
0.13212486
0.047343448
0.51997614
0.044294912
0.11681145
0.010727862
0.7588383
0.22712903
0.046585925
0.0067023784
0.021232126
0.039990805
0.029711017
0.121891394
0.08007571
0.037402615
0.04704186
0.11048729
0.4197448
0.6968405
0.022427265
0.06451798
0.2595448
0.017098004
0.6886308
0.25435054
0.011588918
0.031020314
0.057556916
0.028369807
0.102167785
0.036772855
0.11936368
0.044797458
0.034895074
0.037847444
0.019562135
0.24430442
0.79346746
0.2698608
0.13698818
0.0102612255
0.012809814
0.22313344
0.08386453
0.0059369467
0.08704506
0.043109488
0.096350364
0.014300556
0.12821856
0.06651369
0.29031727
0.06496795
0.16426904
0.009690375
0.018451503
0.061795995
0.24331658
0.18715829
0.043171767
0.14557911
0.016321015
0.17887743
0.0045801126
0.08178707
0.050401967
0.048131496
0.16020264
0.01328274
0.023991218
0.013879013
0.21151665
0.13215244
0.0329727
0.029642275
0.02796906
0.20532265
0.85927016
0.028779898
0.011649638
0.27957422
0.05271694
0.031295866
0.06847649
0.01168187
0.17993735
0.025317514
0.029466473
0.040798616
0.041815717
0.015520879
0.0062226458
0.019611413
0.013894969
0.018559495
0.06813326
0.034153674
0.28153163
0.029895091
0.02029348
0.26555884
0.14483011
0.48827708
0.06659324
0.017315231
0.13048184
0.045434065
0.0070785363
0.01682417
0.042048365
0.13612485
0.23611407
0.05965163
0.2700102
0.005729503
0.20837435
0.28155184
0.08105988
0.10099325
0.022494316
0.004974777
0.012719441
0.1591732
0.19401646
0.17610383
0.35111722
0.005632491
0.015923839
0.05474219
0.007246058
0.03200573
0.22452913
0.06000353
0.009320333
0.061037783
0.69423264
0.059090603
0.006117009
0.026988894
0.045239463
0.07036435
0.04460425
0.072845176
0.099199876
0.013342227
0.4756081
0.023192612
0.031089762
0.13638727
0.0068749688
0.032541875
0.16470897
0.4653285
0.012386499
0.0044929953
0.057439283
0.074551575
0.07955113
0.08182851
0.12301624
0.026143972
0.67809427
0.0040967865
0.066085316
0.02771507
0.118469186
0.021576876
0.11205956
0.091296025
0.004227949
0.08760491
0.010926734
0.04655947
0.03578446
0.0566101
0.021045284
0.058385488
0.0697547
0.26207456
0.021272188
0.12557319
0.29895478
0.02006462
0.060239263
0.08846757
0.051607504
0.023406617
0.040629137
0.097071126
0.02246726
0.023650894
0.0034115876
0.012687254
0.0067533324
0.0027754125
0.0037455068
0.059038248
0.0462026
0.112910956
0.065482184
0.12714007
0.009254881
0.014688106
0.122377224
0.108492255
0.037594065
0.1900283
0.030225432
0.012517592
0.012804394
0.3906951
0.26469785
0.021917956
0.029796688
0.47170368
0.26402944
0.2741927
0.11955067
0.3445027
0.035186693
0.16057146
0.19865045
0.012208105
0.05794312
0.019714944
0.011985307
0.0080975825
0.3040505
0.009250011
0.012402546
0.37764406
0.031480987
0.013152407
0.063409895
0.00907282
0.005370466
0.029129766
0.020283274
0.012633993
0.01570692
0.0073540932
0.009522467
0.026328426
0.009533353
0.059327845
0.041767795
0.021349788
0.023777924
0.009272945
0.057113282
0.016379727
0.10145092
0.07289214
0.15102787
0.020258697
0.019688748
0.09813194
0.005026813
0.017214632
0.079594195
0.007881945
0.014861533
0.6313217
0.43789667
0.16626567
0.36264312
0.8662709
0.029594209
0.014766179
0.06059634
0.11245967
0.058743898
0.9876897
0.22301945
0.6367169
0.031344477
0.0060065947
0.16828252
0.023171257
0.024588114
0.28684714
0.39005846
0.09663771
0.058107268
0.42908219
0.896445
0.2437869
0.12510584
0.32355493
0.13509852
0.23559766
0.025443884
0.052293826
0.02368941
0.15055132
0.004976151
0.01996955
0.0043073115
0.014955082
0.05318605
0.020595653
0.10232096
0.11103302
0.02448393
0.09587866
0.010271165
0.09091587
0.018485684
0.021755137
0.2004684
0.22179198
0.05766038
0.118330635
0.019889185
0.12192553
0.03434073
0.041595504
0.041950896
0.0071211928
0.08949816
0.011516032
0.73664683
0.066232555
0.10121227
0.06102779
0.32611293
0.045003034
0.030148968
0.056848
0.1443155
0.039592635
0.52644986
0.22279647
0.20099202
0.22292009
0.043901104
0.3540724
0.088230036
0.24031474
0.0047128634
0.040382955
0.035342664
0.02577968
0.0057534873
0.03278973
0.0056394986
0.004462729
0.26814765
0.012466548
0.10073068
0.301081
0.06472092
0.09197179
0.19826593
0.2127122
0.043847807
0.08748067
0.014891935
0.008793353
0.013949293
0.38299662
0.07759287
0.06676736
0.062278334
0.008103358
0.17239994
0.005858341
0.027552413
0.012087951
0.025775677
0.007711506
0.25688258
0.012130926
0.07927271
0.1483851
0.057786305
0.09714259
0.1698222
0.023109172
0.10015598
0.50041795
0.015052982
0.10258596
0.26240435
0.18127765
0.02906875
0.044585776
0.010772519
0.029637523
0.09964457
0.6880932
0.95793754
0.07781052
0.041820634
0.5370947
0.99862486
0.9337712
0.084558606
0.9853832
0.09458745
0.09458745
0.24141046
1.0
0.028930772
0.3047094
0.19007877
0.07351807
1.0
0.52660125
0.16814528
0.020127725
0.20775566
0.8761184
0.5415493
0.5415493
0.9021003
0.14944401
0.24187812
0.11412615
0.33142996
0.3337745
0.46424097
0.3163555
0.9707121
0.3163555
0.02138766
0.015183664
0.4431555
0.52121943
0.9777561
0.8975148
0.3163555
0.62645763
0.24399872
1.0000001
0.7163933
0.22099023
0.9130971
0.1110745
0.90538514
0.038328175
0.12231685
0.2574267
0.028534072
0.9923321
0.9989914
0.23300381
0.58960336
0.047689293
0.08086407
0.045362685
0.06228693
0.08651319
0.12710926
0.26533332
0.55758727
0.39485896
0.058045134
0.113470204
0.25696555
0.99682844
0.99828565
0.98463386
0.014499274
0.66190964
0.061064836
0.021795867
0.77945656
0.74571097
0.8116814
0.9797428
0.93425304
0.3163555
0.06787417
0.3414968
0.9439248
0.09504474
0.020853367
0.5587042
0.20792383
0.5734302
0.057644654
0.034415282
0.94052655
0.7923992
0.13516097
0.6412612
0.701002
0.701002
0.5841251
0.05454727
0.52483594
0.9715219
0.41282183
0.3163555
0.41282183
0.20106706
0.058983367
0.06789428
0.5401213
0.7843348
0.3163555
0.79693973
0.047722057
1.0
0.49310166
0.15515006
0.9175356
0.76654506
0.04752548
0.8971628
0.47912684
0.98121214
0.92591786
1.0
0.014337735
0.46813738
0.96983135
0.09306951
0.30303124
0.4386245
0.5139069
0.48631632
0.512531
0.29374236
0.16014859
0.2204618
0.072077096
0.12576611
0.4361331
0.26946548
0.32561833
0.16292286
0.19689225
0.33367482
0.014242172
0.03128452
0.002435079
0.19512163
0.99992305
0.9283879
0.04807627
0.18406901
0.104506455
0.06190595
1.0
0.103603445
0.117893
0.05396178
0.7208762
0.031409286
1.0
0.38707682
0.0324806
0.07870852
0.026995689
0.046749637
0.40945956
0.4883228
0.9003153
0.09029134
0.12567596
0.68214756
0.8085718
0.10995321
0.04000251
0.41938737
0.20851739
0.4858865
0.9554157
0.99999994
0.11828192
0.24570504
0.04649226
0.9981985
0.10426028
0.08642799
0.029596185
0.60681033
0.71074575
0.7748888
0.6441122
0.45692083
0.61115456
0.035908494
0.008650186
0.6548888
0.23105694
0.19847277
0.016907062
0.56028277
0.091361366
1.0
1.0000001
0.046067066
0.03937319
0.07476987
0.31397715
0.44181663
0.0570292
1.0
0.6471045
0.05959189
0.27916083
0.82912594
0.9986245
0.047083333
0.007817324
0.92458636
0.29210585
0.41282183
0.31589684
0.02731299
0.017161252
0.0037802702
0.20628096
0.20635907
0.07630104
0.037065174
0.047615107
0.016325068
0.99563366
0.17610972
0.79546946
0.57340837
0.98476094
0.942606
0.7842774
0.04992282
0.6675455
0.5489924
0.3666382
0.28309625
0.5738653
0.9953406
0.049873278
0.07941951
0.8085718
0.11864864
0.11864864
0.3085724
0.09761857
0.008428035
0.031969957
0.94453853
0.3069337
1.0
0.062313117
0.840852
0.15289079
0.033420306
0.12425975
0.84042925
0.03863031
0.2873689
0.29765302
0.28080747
0.37005374
0.3283767
0.9914354
1.0
0.46055964
0.38672456
0.16117772
0.8085718
1.0
0.9973261
0.1311037
0.016817685
0.020474656
0.08388455
0.22631262
0.10079884
0.03226165
0.15591206
0.15134571
0.15134571
0.10635503
0.101210184
0.13205087
0.22958161
0.08969409
0.05104775
0.061037906
0.1864875
1.0000001
0.41282183
0.5300481
0.64913774
0.78461
0.37910712
1.0
0.22738875
0.2226524
0.11977555
0.20443721
0.20962715
0.06447698
0.53386986
0.16889267
0.67963797
0.047689293
0.06991052
0.9833667
0.9196829
0.9715219
0.44535175
0.13382047
0.96867865
0.7558108
0.6726734
0.16160926
0.992317
0.10923401
0.2896259
0.39068502
0.8085718
0.52616936
0.9996214
0.31730157
0.08623441
0.98798037
0.19615132
0.37372628
0.10129393
0.24141155
0.12941676
0.047693025
0.22789651
0.15102808
0.017668601
0.29174507
0.29601645
0.40861392
0.16328187
0.21743879
0.8084279
0.057591442
0.23589928
0.055795573
0.06438272
0.013820516
0.0064361845
0.063859425
0.0687496
0.43553615
0.012057986
0.4266167
0.14094545
0.31619373
0.8005352
0.09010073
